44.024653839 -0.002005 0.004344 -0.005963 -0.000110 0.000085 0.000046 1.000000
44.124653839 -0.001921 0.004463 -0.006220 -0.000091 0.000103 0.000056 1.000000
44.224653839 -0.001858 0.004515 -0.006036 -0.000120 0.000081 0.000073 1.000000
44.324653839 -0.001845 0.004567 -0.006124 -0.000119 0.000093 0.000081 1.000000
44.524653839 -0.001804 0.004528 -0.006008 -0.000115 0.000082 0.000075 1.000000
44.824653839 -0.001927 0.004550 -0.005777 -0.000128 0.000076 0.000069 1.000000
44.924653839 -0.002002 0.004579 -0.005986 -0.000091 0.000092 0.000048 1.000000
45.024653839 -0.001935 0.004495 -0.006171 -0.000106 0.000095 0.000048 1.000000
45.124653839 -0.001907 0.004403 -0.006202 -0.000128 0.000092 0.000059 1.000000
45.224653839 -0.001885 0.004611 -0.006025 -0.000113 0.000084 0.000083 1.000000
45.324653839 -0.001842 0.004472 -0.006256 -0.000118 0.000100 0.000055 1.000000
45.524653839 -0.001738 0.004533 -0.006357 -0.000111 0.000097 0.000074 1.000000
45.724653839 -0.001883 0.004406 -0.006263 -0.000111 0.000091 0.000056 1.000000
45.924653839 -0.001849 0.004640 -0.006182 -0.000103 0.000092 0.000071 1.000000
46.324653839 -0.001896 0.004305 -0.006367 -0.000127 0.000094 0.000058 1.000000
46.424653839 -0.001899 0.004352 -0.006286 -0.000116 0.000096 0.000051 1.000000
46.524653839 -0.001889 0.004425 -0.006288 -0.000115 0.000093 0.000056 1.000000
46.624653839 -0.001952 0.004424 -0.006271 -0.000105 0.000096 0.000039 1.000000
46.724653839 -0.001907 0.004467 -0.006272 -0.000112 0.000092 0.000057 1.000000
46.824653839 -0.001814 0.004558 -0.006241 -0.000120 0.000093 0.000072 1.000000
46.924653839 -0.001883 0.004572 -0.006228 -0.000102 0.000092 0.000061 1.000000
47.024653839 -0.001962 0.004408 -0.006180 -0.000112 0.000091 0.000046 1.000000
47.124653839 -0.001874 0.004485 -0.006248 -0.000120 0.000095 0.000067 1.000000
47.224653839 -0.001820 0.004724 -0.006193 -0.000104 0.000090 0.000078 1.000000
47.324653839 -0.001928 0.004499 -0.006163 -0.000107 0.000086 0.000051 1.000000
47.424653839 -0.001987 0.004550 -0.006232 -0.000105 0.000094 0.000052 1.000000
47.524653839 -0.001733 0.004430 -0.006440 -0.000123 0.000103 0.000072 1.000000
47.724653839 -0.001805 0.004438 -0.006282 -0.000121 0.000084 0.000070 1.000000
47.824653839 -0.002088 0.004564 -0.006204 -0.000085 0.000085 0.000053 1.000000
47.924653839 -0.002153 0.004491 -0.006122 -0.000091 0.000084 0.000050 1.000000
48.124653839 -0.001978 0.004388 -0.006501 -0.000101 0.000096 0.000052 1.000000
48.224653839 -0.001919 0.004278 -0.006485 -0.000099 0.000093 0.000043 1.000000
48.424653839 -0.001792 0.004245 -0.006495 -0.000099 0.000093 0.000049 1.000000
48.524653839 -0.001836 0.004407 -0.006298 -0.000111 0.000084 0.000064 1.000000
48.824653839 -0.001977 0.004416 -0.006190 -0.000101 0.000094 0.000051 1.000000
48.924653839 -0.001755 0.004414 -0.006348 -0.000107 0.000092 0.000067 1.000000
49.524653839 -0.001908 0.004118 -0.006405 -0.000105 0.000082 0.000038 1.000000
49.924653839 -0.001696 0.004678 -0.006490 -0.000084 0.000099 0.000068 1.000000
50.024653839 -0.001813 0.004502 -0.006575 -0.000085 0.000103 0.000054 1.000000
50.124653839 -0.001693 0.004522 -0.006443 -0.000110 0.000094 0.000071 1.000000
50.224653839 -0.001763 0.004462 -0.006243 -0.000114 0.000087 0.000065 1.000000
50.324653839 -0.001822 0.004425 -0.006602 -0.000099 0.000111 0.000062 1.000000
50.424653839 -0.001806 0.004520 -0.006513 -0.000095 0.000100 0.000057 1.000000
50.524653839 -0.001795 0.004574 -0.006466 -0.000106 0.000104 0.000076 1.000000
50.624653839 -0.001683 0.004538 -0.006435 -0.000106 0.000093 0.000071 1.000000
50.724653839 -0.001664 0.004545 -0.006411 -0.000107 0.000096 0.000071 1.000000
50.924653839 -0.002043 0.004513 -0.006229 -0.000089 0.000092 0.000044 1.000000
51.024653839 -0.001906 0.004464 -0.006487 -0.000093 0.000109 0.000061 1.000000
51.124653839 -0.001912 0.004480 -0.006515 -0.000091 0.000095 0.000048 1.000000
51.224653839 -0.001820 0.004521 -0.006414 -0.000106 0.000094 0.000066 1.000000
51.324653839 -0.001972 0.004461 -0.006215 -0.000110 0.000089 0.000045 1.000000
51.424653839 -0.001895 0.004582 -0.006220 -0.000092 0.000095 0.000067 1.000000
51.524653839 -0.002010 0.004518 -0.006328 -0.000088 0.000100 0.000040 1.000000
51.624653839 -0.001807 0.004472 -0.006419 -0.000105 0.000096 0.000069 1.000000
51.724653839 -0.001828 0.004493 -0.006179 -0.000110 0.000083 0.000065 1.000000
51.824653839 -0.001965 0.004537 -0.006214 -0.000090 0.000092 0.000051 1.000000
52.024653839 -0.001772 0.004637 -0.006371 -0.000100 0.000100 0.000076 1.000000
52.224653839 -0.001916 0.004597 -0.006425 -0.000089 0.000097 0.000049 1.000000
52.324653839 -0.002001 0.004478 -0.006309 -0.000098 0.000090 0.000042 1.000000
52.424653839 -0.001960 0.004601 -0.006328 -0.000086 0.000093 0.000052 1.000000
52.624653839 -0.001743 0.004555 -0.006429 -0.000096 0.000097 0.000074 1.000000
52.724653839 -0.001690 0.004526 -0.006444 -0.000108 0.000096 0.000073 1.000000
52.824653839 -0.001914 0.004460 -0.006395 -0.000090 0.000097 0.000018 1.000000
52.924653839 -0.001735 0.004487 -0.006507 -0.000095 0.000109 0.000052 1.000000
53.024653839 -0.001786 0.004625 -0.006404 -0.000083 0.000110 0.000025 1.000000
53.124653839 -0.001770 0.004667 -0.006356 -0.000079 0.000115 0.000014 1.000000
53.524653839 -0.001532 0.004545 -0.006605 -0.000086 0.000118 0.000034 1.000000
53.624653839 -0.001450 0.004770 -0.006509 -0.000082 0.000115 0.000044 1.000000
53.724653839 -0.001551 0.004650 -0.006465 -0.000094 0.000116 0.000031 1.000000
53.924653839 -0.001785 0.004532 -0.006398 -0.000110 0.000114 0.000019 1.000000
54.024653839 -0.001723 0.004604 -0.006510 -0.000094 0.000109 0.000029 1.000000
54.124653839 -0.001544 0.004674 -0.006472 -0.000104 0.000108 0.000040 1.000000
54.224653839 -0.001617 0.004709 -0.006460 -0.000092 0.000113 0.000022 1.000000
54.324653839 -0.001529 0.004666 -0.006417 -0.000104 0.000107 0.000037 1.000000
54.524653839 -0.001630 0.004605 -0.006679 -0.000090 0.000117 0.000025 1.000000
54.724653839 -0.001558 0.004713 -0.006400 -0.000101 0.000104 0.000030 1.000000
54.824653839 -0.001629 0.004561 -0.006313 -0.000104 0.000134 0.000005 1.000000
54.924653839 -0.001665 0.004653 -0.006410 -0.000085 0.000111 0.000018 1.000000
55.024653839 -0.001641 0.004576 -0.006521 -0.000108 0.000108 0.000025 1.000000
55.224653839 -0.015497 -0.007642 -0.011206 0.000858 0.000303 -0.002523 0.999996
55.324653839 -0.021811 -0.010724 -0.006486 0.000078 0.000141 0.001643 0.999999
55.424653839 -0.026270 -0.014054 0.004335 -0.000989 -0.000159 0.012955 0.999916
55.524653839 -0.026242 -0.013106 0.024793 -0.000674 -0.000524 0.029559 0.999563
55.624653839 -0.027083 -0.014652 0.061309 0.000630 -0.000745 0.048732 0.998811
55.724653839 -0.028678 -0.007604 0.120181 0.003822 -0.000804 0.067315 0.997724
55.824653839 -0.025323 0.000497 0.184926 0.006543 -0.000352 0.084100 0.996436
55.924653839 -0.019199 0.009113 0.250720 0.007161 0.000448 0.096770 0.995281
56.024653839 -0.014521 0.014882 0.318680 0.006865 0.001460 0.106069 0.994334
56.124653839 -0.007367 0.018867 0.382296 0.006046 0.001819 0.110915 0.993810
56.224653839 -0.001953 0.020174 0.444615 0.004793 0.001747 0.112356 0.993655
56.324653839 -0.001528 0.021167 0.505312 0.002825 0.001648 0.110295 0.993893
56.524653839 0.003226 0.014207 0.622370 -0.001005 0.000994 0.101547 0.994830
56.624653839 0.007641 0.009268 0.675541 -0.002462 0.000690 0.096251 0.995354
56.724653839 0.013295 0.004015 0.725809 -0.003483 0.000131 0.091209 0.995826
56.824653839 0.013072 0.000178 0.776047 -0.003861 -0.000664 0.086533 0.996241
56.924653839 0.009981 -0.003465 0.824867 -0.004076 -0.001281 0.082439 0.996587
57.024653839 0.012141 -0.005090 0.875775 -0.003271 -0.001663 0.079287 0.996845
57.124653839 0.014301 -0.005958 0.919184 -0.002609 -0.002247 0.077085 0.997019
57.224653839 0.017658 -0.007075 0.963009 -0.001760 -0.002565 0.075171 0.997166
57.324653839 0.017291 -0.006117 1.001370 -0.001069 -0.002840 0.073855 0.997264
57.424653839 0.016133 -0.004345 1.040284 -0.000482 -0.002946 0.072796 0.997342
57.524653839 0.015299 -0.003591 1.075821 -0.000179 -0.002662 0.071952 0.997405
57.624653839 0.013174 -0.000875 1.109763 -0.000115 -0.002395 0.071039 0.997471
57.724653839 0.011744 0.000135 1.143020 0.000034 -0.001988 0.070409 0.997516
57.824653839 0.010390 -0.000075 1.175553 0.000207 -0.001616 0.069794 0.997560
57.924653839 0.009187 0.001403 1.206657 0.000315 -0.001241 0.069009 0.997615
58.024653839 0.005685 0.002713 1.236384 0.000252 -0.000934 0.068462 0.997653
58.124653839 0.003858 0.004305 1.266733 0.000318 -0.000474 0.068059 0.997681
58.224653839 0.002444 0.006520 1.292801 0.000332 -0.000224 0.067749 0.997702
58.324653839 -0.000919 0.009653 1.319189 0.000359 0.000014 0.067446 0.997723
58.424653839 -0.003455 0.012831 1.344819 0.000343 0.000118 0.067171 0.997741
58.524653839 -0.007404 0.014295 1.369535 0.000625 0.000231 0.066913 0.997759
58.624653839 -0.008299 0.016416 1.390926 0.000847 0.000241 0.066660 0.997775
58.724653839 -0.010796 0.018412 1.413789 0.001107 0.000109 0.066589 0.997780
58.824653839 -0.014272 0.018224 1.434442 0.001245 -0.000015 0.066382 0.997794
58.924653839 -0.016001 0.018745 1.455199 0.001429 -0.000208 0.066117 0.997811
59.024653839 -0.017391 0.018599 1.476041 0.001329 -0.000291 0.066006 0.997818
59.124653839 -0.019444 0.019820 1.495737 0.001392 -0.000144 0.065709 0.997838
59.224653839 -0.022184 0.020021 1.514977 0.001385 0.000037 0.065379 0.997860
59.324653839 -0.024612 0.019260 1.532738 0.001346 0.000270 0.064845 0.997894
59.424653839 -0.026882 0.020458 1.548813 0.001145 0.000484 0.064464 0.997919
59.524653839 -0.028877 0.020823 1.564508 0.001023 0.000528 0.064184 0.997937
59.624653839 -0.030732 0.021149 1.578663 0.000724 0.000627 0.063897 0.997956
59.724653839 -0.031510 0.021275 1.591711 0.000519 0.000664 0.063725 0.997967
59.824653839 -0.032169 0.021001 1.605591 0.000304 0.000569 0.063688 0.997970
59.924653839 -0.033389 0.020704 1.618506 0.000207 0.000654 0.063582 0.997976
60.024653839 -0.034217 0.021814 1.631427 -0.000010 0.000544 0.063589 0.997976
60.124653839 -0.032959 0.020662 1.644400 0.000091 0.000479 0.063673 0.997971
60.224653839 -0.034377 0.019919 1.655439 0.000166 0.000315 0.063808 0.997962
60.324653839 -0.036276 0.019358 1.668103 0.000300 0.000125 0.063769 0.997965
60.424653839 -0.037459 0.017456 1.678358 0.000296 -0.000029 0.063842 0.997960
60.524653839 -0.037198 0.016931 1.689388 0.000477 -0.000110 0.063787 0.997963
60.624653839 -0.036436 0.016798 1.699330 0.000542 -0.000293 0.063583 0.997976
60.724653839 -0.035418 0.016481 1.707908 0.000463 -0.000365 0.063394 0.997988
60.824653839 -0.034710 0.015406 1.716742 0.000317 -0.000412 0.063179 0.998002
60.924653839 -0.033731 0.014679 1.725177 -0.000059 -0.000399 0.062944 0.998017
61.024653839 -0.033741 0.013197 1.732464 -0.000559 -0.000484 0.062881 0.998021
61.124653839 -0.034538 0.013303 1.740401 -0.001039 -0.000653 0.062650 0.998035
61.224653839 -0.035667 0.012706 1.748254 -0.001364 -0.000712 0.062461 0.998046
61.324653839 -0.036545 0.013129 1.755888 -0.001821 -0.000792 0.062274 0.998057
61.424653839 -0.036539 0.013857 1.763603 -0.002038 -0.000898 0.062194 0.998062
61.524653839 -0.037095 0.013841 1.770515 -0.001971 -0.001026 0.062136 0.998065
61.624653839 -0.037431 0.014572 1.777530 -0.001803 -0.001162 0.062074 0.998069
61.724653839 -0.037476 0.015252 1.784233 -0.001398 -0.001235 0.062003 0.998074
61.824653839 -0.037284 0.016925 1.790599 -0.001215 -0.001459 0.061870 0.998082
61.924653839 -0.037893 0.019286 1.797772 -0.000768 -0.001345 0.061761 0.998090
62.024653839 -0.038829 0.021137 1.805249 -0.000053 -0.001186 0.061559 0.998103
62.124653839 -0.040411 0.023670 1.811073 0.000399 -0.001041 0.061408 0.998112
62.224653839 -0.041125 0.026089 1.816528 0.000622 -0.000844 0.061164 0.998127
62.324653839 -0.040580 0.028653 1.821454 0.001000 -0.000611 0.060936 0.998141
62.424653839 -0.040602 0.029512 1.825172 0.001215 -0.000380 0.060716 0.998154
62.524653839 -0.041402 0.031380 1.829581 0.001313 -0.000049 0.060295 0.998180
62.624653839 -0.042355 0.032066 1.833258 0.001529 0.000253 0.059995 0.998197
62.724653839 -0.043019 0.032767 1.836822 0.001570 0.000664 0.059711 0.998214
62.824653839 -0.044687 0.032618 1.838839 0.001652 0.001051 0.059512 0.998226
62.924653839 -0.044763 0.032500 1.839607 0.001713 0.001383 0.059314 0.998237
63.024653839 -0.043948 0.033841 1.841621 0.001711 0.001750 0.058881 0.998262
63.124653839 -0.044569 0.033744 1.842766 0.001543 0.001944 0.058651 0.998275
63.224653839 -0.043719 0.033421 1.843600 0.001328 0.002066 0.058519 0.998283
63.424653839 -0.040616 0.032420 1.844245 0.000676 0.002068 0.058305 0.998296
63.524653839 -0.037729 0.031457 1.844230 0.000530 0.001730 0.058250 0.998300
63.624653839 -0.034302 0.031678 1.845086 0.000326 0.001382 0.058341 0.998296
63.724653839 -0.029765 0.031829 1.845952 0.000305 0.000872 0.058341 0.998296
63.824653839 -0.025705 0.031492 1.847458 0.000387 0.000283 0.058430 0.998291
63.924653839 -0.021828 0.031152 1.849293 0.000472 -0.000215 0.058554 0.998284
64.024653839 -0.017914 0.030040 1.850222 0.000379 -0.000681 0.058600 0.998281
64.124653839 -0.014205 0.029975 1.851022 0.000335 -0.001021 0.058585 0.998282
64.224653839 -0.009121 0.030208 1.851962 0.000344 -0.001283 0.058614 0.998280
64.324653839 -0.006307 0.030651 1.853923 0.000326 -0.001646 0.058636 0.998278
64.524653839 -0.001044 0.030150 1.856887 0.000156 -0.002226 0.058554 0.998282
64.624653839 0.000968 0.028925 1.858526 0.000127 -0.002385 0.058467 0.998286
64.724653839 0.002734 0.028169 1.860116 0.000164 -0.002438 0.058398 0.998290
64.824653839 0.004607 0.027720 1.861619 0.000304 -0.002339 0.058277 0.998298
64.924653839 0.006507 0.026477 1.862806 0.000584 -0.002111 0.058158 0.998305
65.024653839 0.001398 0.016296 1.895659 -0.000952 0.001247 0.056607 0.998395
65.124653839 0.011608 0.009130 1.887428 -0.007351 0.044718 0.054588 0.997480
65.212188529 0.021202 0.011951 1.902705 -0.006211 0.067141 0.056666 0.996114
65.324653839 0.026388 0.022782 1.898576 -0.004387 0.100017 0.057683 0.993303
65.424653839 0.054573 0.023363 1.901725 -0.004144 0.118558 0.057933 0.991247
65.524653839 0.084046 0.015244 1.898118 -0.004399 0.120828 0.059246 0.990894
65.624653839 0.164468 0.026523 1.879195 -0.004199 0.109263 0.057322 0.992350
65.812188529 0.349072 0.046157 1.889257 -0.008808 0.075137 0.059850 0.995337
65.912188529 0.462893 0.057779 1.896330 -0.008212 0.055586 0.062936 0.996435
66.124653839 0.754216 0.094930 1.864897 0.002236 0.012509 0.069742 0.997484
66.224653839 0.900056 0.111851 1.860008 0.008168 -0.004616 0.070929 0.997437
66.324653839 1.037686 0.132438 1.860668 0.013373 -0.018333 0.069746 0.997307
66.424653839 1.168770 0.145336 1.864422 0.016152 -0.028852 0.065506 0.997304
66.524653839 1.297056 0.155362 1.868505 0.016559 -0.037724 0.059073 0.997403
66.624653839 1.413673 0.160558 1.871685 0.014910 -0.043345 0.050952 0.997649
66.724653839 1.515943 0.158725 1.876978 0.012504 -0.047290 0.042419 0.997902
66.824653839 1.609557 0.154209 1.882570 0.010037 -0.049263 0.034361 0.998144
66.924653839 1.693774 0.147141 1.886938 0.008069 -0.049445 0.027612 0.998363
67.024653839 1.767280 0.136317 1.891047 0.006709 -0.048421 0.022980 0.998540
67.124653839 1.829120 0.126923 1.892012 0.005431 -0.046377 0.020522 0.998698
67.224653839 1.881568 0.115907 1.894850 0.004904 -0.043504 0.020429 0.998832
67.324653839 1.928228 0.106310 1.894978 0.004259 -0.040061 0.021891 0.998948
67.424653839 1.964131 0.093758 1.896925 0.004116 -0.036189 0.025365 0.999015
67.524653839 1.993185 0.081546 1.895182 0.003392 -0.032105 0.029417 0.999046
67.624653839 2.020212 0.067519 1.895350 0.002927 -0.028070 0.033863 0.999028
67.724653839 2.038577 0.054562 1.895405 0.002076 -0.024050 0.037793 0.998994
67.824653839 2.054594 0.042418 1.896612 0.001579 -0.020282 0.041459 0.998933
67.924653839 2.064943 0.030174 1.898443 0.000613 -0.016780 0.044092 0.998886
68.024653839 2.070443 0.018066 1.899702 -0.000084 -0.013762 0.045747 0.998858
68.224653839 2.072673 -0.008751 1.901998 -0.002098 -0.008710 0.046279 0.998888
68.324653839 2.073656 -0.021142 1.902801 -0.003457 -0.006648 0.044923 0.998962
68.424653839 2.072357 -0.032140 1.905142 -0.004603 -0.004797 0.043031 0.999052
68.524653839 2.071251 -0.045686 1.906720 -0.005221 -0.003146 0.040998 0.999141
68.724653839 2.061586 -0.064197 1.911133 -0.006343 -0.000732 0.035926 0.999334
68.824653839 2.055962 -0.072099 1.912632 -0.006437 0.000034 0.033367 0.999422
68.924653839 2.050814 -0.078485 1.913981 -0.006347 0.000974 0.031382 0.999487
69.024653839 2.046702 -0.083457 1.915229 -0.006010 0.001433 0.029569 0.999544
69.124653839 2.042343 -0.085805 1.917293 -0.005339 0.001762 0.028269 0.999585
69.524653839 2.027467 -0.090702 1.921399 -0.001984 0.002122 0.027014 0.999631
69.624653839 2.025380 -0.091072 1.921080 -0.001320 0.001700 0.027247 0.999626
69.724653839 2.022269 -0.090508 1.921987 -0.000643 0.001067 0.027901 0.999610
69.824653839 2.021939 -0.089960 1.923192 -0.000157 0.000471 0.028439 0.999595
69.924653839 2.020479 -0.088245 1.923770 -0.000176 -0.000100 0.028934 0.999581
70.024653839 2.020355 -0.086129 1.925735 -0.000081 -0.000569 0.029369 0.999568
70.124653839 2.019530 -0.084662 1.927441 -0.000298 -0.000758 0.029829 0.999555
70.224653839 2.018065 -0.081274 1.929610 -0.000496 -0.001007 0.030147 0.999545
70.324653839 2.016353 -0.078485 1.930717 -0.000696 -0.001181 0.030264 0.999541
70.424653839 2.014982 -0.075171 1.931595 -0.001015 -0.001343 0.030100 0.999545
70.524653839 2.012807 -0.071109 1.932835 -0.001328 -0.001479 0.029894 0.999551
70.624653839 2.010649 -0.068152 1.933677 -0.001532 -0.001427 0.029629 0.999559
70.724653839 2.008224 -0.065270 1.934808 -0.001730 -0.001353 0.029470 0.999563
70.824653839 2.006572 -0.061814 1.935333 -0.001744 -0.001346 0.029232 0.999570
70.924653839 2.004801 -0.057787 1.936791 -0.001590 -0.001299 0.029054 0.999576
71.024653839 2.003377 -0.053428 1.938122 -0.001324 -0.001303 0.028971 0.999579
71.124653839 2.000442 -0.048473 1.938910 -0.001024 -0.001310 0.028964 0.999579
71.224653839 1.997446 -0.043243 1.940284 -0.000664 -0.001322 0.028774 0.999585
71.424653839 1.990720 -0.032208 1.942413 -0.000197 -0.001126 0.028886 0.999582
71.524653839 1.987036 -0.027306 1.942702 0.000068 -0.000973 0.029040 0.999578
71.624653839 1.984612 -0.022117 1.942320 0.000232 -0.000649 0.029161 0.999574
71.724653839 1.981660 -0.016150 1.942753 0.000041 -0.000463 0.029290 0.999571
71.824653839 1.978422 -0.011330 1.943275 -0.000095 -0.000302 0.029487 0.999565
71.924653839 1.973954 -0.006042 1.943449 -0.000212 -0.000162 0.029527 0.999564
72.024653839 1.970047 -0.001051 1.944296 -0.000452 -0.000130 0.029644 0.999560
72.124653839 1.966363 0.003631 1.945337 -0.000757 0.000026 0.029664 0.999560
72.224653839 1.962842 0.008825 1.945273 -0.000769 0.000247 0.029775 0.999556
72.424653839 1.957996 0.021257 1.946193 -0.000369 0.000703 0.029939 0.999551
72.524653839 1.955467 0.027207 1.946512 0.000198 0.001030 0.029995 0.999549
72.624653839 1.951886 0.032958 1.946148 0.000896 0.001257 0.030023 0.999548
72.724653839 1.950991 0.038764 1.945406 0.001373 0.001363 0.030128 0.999544
72.824653839 1.950426 0.043747 1.944520 0.001858 0.001516 0.030013 0.999547
72.924653839 1.949828 0.048848 1.943611 0.002192 0.001545 0.029937 0.999548
73.024653839 1.947855 0.054359 1.943690 0.002598 0.001615 0.029922 0.999548
73.224653839 1.946335 0.061697 1.942509 0.003140 0.001645 0.029902 0.999547
73.324653839 1.945892 0.064467 1.942276 0.003243 0.001712 0.029878 0.999547
73.424653839 1.946184 0.066687 1.941734 0.003272 0.001757 0.029823 0.999548
73.524653839 1.947657 0.068406 1.941087 0.003228 0.001738 0.029782 0.999550
73.624653839 1.949375 0.069513 1.940847 0.003151 0.001667 0.029753 0.999551
73.724653839 1.951164 0.070174 1.940481 0.003013 0.001576 0.029693 0.999553
73.824653839 1.953239 0.070331 1.940643 0.003058 0.001419 0.029738 0.999552
73.924653839 1.955645 0.070086 1.940771 0.003051 0.001259 0.029709 0.999553
74.024653839 1.957293 0.069414 1.940225 0.003058 0.000938 0.029599 0.999557
74.124653839 1.959887 0.068065 1.939908 0.002889 0.000674 0.029583 0.999558
74.224653839 1.963656 0.066251 1.939506 0.002553 0.000417 0.029622 0.999558
74.324653839 1.966484 0.064222 1.938761 0.002244 0.000036 0.029605 0.999559
74.424653839 1.970644 0.061737 1.937478 0.001788 -0.000488 0.029508 0.999563
74.524653839 1.974577 0.058449 1.937002 0.001503 -0.000875 0.029439 0.999565
74.724653839 1.981326 0.050959 1.937612 0.000746 -0.001470 0.029488 0.999564
74.824653839 1.983721 0.047554 1.937686 0.000527 -0.001515 0.029503 0.999563
74.924653839 1.986178 0.045452 1.938220 0.000401 -0.001465 0.029455 0.999565
75.024653839 1.988864 0.043021 1.937834 0.000290 -0.001322 0.029448 0.999565
75.224653839 1.993870 0.037023 1.937524 -0.000119 -0.001072 0.029517 0.999564
75.324653839 1.996198 0.033827 1.936929 -0.000250 -0.000880 0.029733 0.999557
75.424653839 1.998543 0.030197 1.936303 -0.000573 -0.000684 0.029795 0.999556
75.524653839 2.000151 0.027507 1.935373 -0.000783 -0.000640 0.029910 0.999552
75.624653839 2.001771 0.024712 1.934170 -0.000768 -0.000731 0.029974 0.999550
75.824653839 2.004083 0.019738 1.935197 -0.001364 -0.001089 0.030084 0.999546
75.924653839 2.006031 0.016342 1.934121 -0.001041 -0.001113 0.030227 0.999542
76.024653839 2.006883 0.014789 1.925479 -0.001176 -0.001454 0.030034 0.999547
76.124653839 2.007515 0.012954 1.905900 -0.001389 -0.001826 0.029936 0.999549
76.224653839 2.006938 0.011640 1.869459 -0.001632 -0.002060 0.029972 0.999547
76.324653839 2.006863 0.011069 1.816191 -0.001863 -0.002342 0.029850 0.999550
76.424653839 2.007904 0.010044 1.751668 -0.002207 -0.002386 0.029980 0.999545
76.524653839 2.007241 0.011246 1.684466 -0.002401 -0.002284 0.030086 0.999542
76.624653839 2.005341 0.011574 1.617925 -0.002753 -0.002231 0.030074 0.999541
76.724653839 2.005946 0.012638 1.553769 -0.001922 -0.001878 0.030091 0.999544
76.824653839 2.007275 0.014317 1.492229 -0.001110 -0.001665 0.029960 0.999549
76.924653839 2.006025 0.015215 1.432609 -0.000410 -0.001352 0.029936 0.999551
77.024653839 2.006360 0.017156 1.374640 0.000449 -0.000921 0.030174 0.999544
77.124653839 2.003278 0.017009 1.314590 0.001079 -0.000730 0.030043 0.999548
77.224653839 2.001850 0.018490 1.255512 0.001411 -0.000298 0.029952 0.999550
77.324653839 1.999912 0.019045 1.195928 0.001820 0.000075 0.030206 0.999542
77.524653839 1.996946 0.017108 1.065417 0.002330 0.000483 0.030136 0.999543
77.624653839 1.998199 0.017542 1.001796 0.002098 0.000206 0.030047 0.999546
77.724653839 1.998030 0.017396 0.937736 0.001967 0.000005 0.030042 0.999547
77.824653839 1.999078 0.013967 0.870628 0.001240 -0.000311 0.030044 0.999548
77.924653839 1.997217 0.012117 0.803916 0.000525 -0.000718 0.030162 0.999545
78.024653839 1.995066 0.010308 0.739694 0.000052 -0.001081 0.030533 0.999533
78.124653839 1.996977 0.008198 0.672508 -0.000486 -0.001257 0.030258 0.999541
78.224653839 1.996614 0.006214 0.604408 -0.000777 -0.001741 0.030505 0.999533
78.324653839 1.995638 0.004069 0.535050 -0.001080 -0.002088 0.030551 0.999530
78.424653839 1.993087 0.003204 0.468469 -0.001207 -0.002041 0.030395 0.999535
78.524653839 1.992648 0.000862 0.399022 -0.001044 -0.001647 0.030527 0.999532
78.624653839 1.991876 0.001026 0.329687 -0.001136 -0.001189 0.030532 0.999532
78.724653839 1.989884 -0.001496 0.261226 -0.001198 -0.000734 0.030730 0.999527
78.824653839 1.989071 -0.002237 0.193544 -0.001003 -0.000259 0.030706 0.999528
79.024653839 1.981396 0.008865 0.004300 0.000761 0.001627 0.030529 0.999532
79.124653839 1.979936 0.008325 -0.023202 0.000724 0.002234 0.030662 0.999527
79.224653839 1.981411 0.004159 -0.030495 -0.000300 0.001267 0.030761 0.999526
79.324653839 1.982340 0.003111 -0.033059 -0.000491 0.001015 0.030797 0.999525
79.724653839 1.983231 0.002525 -0.033260 -0.000553 0.000965 0.030748 0.999527
80.024653839 1.983485 0.002934 -0.033069 -0.000524 0.001017 0.030743 0.999527
80.124653839 1.983122 0.002914 -0.032917 -0.000530 0.000982 0.030727 0.999527
80.224653839 1.983112 0.002726 -0.032962 -0.000526 0.000994 0.030750 0.999526
80.324653839 1.983299 0.002697 -0.032989 -0.000518 0.001003 0.030762 0.999526
80.424653839 1.983293 0.002756 -0.032804 -0.000537 0.001006 0.030743 0.999527
80.524653839 1.983360 0.002724 -0.032810 -0.000551 0.000991 0.030751 0.999526
80.624653839 1.983477 0.002649 -0.033041 -0.000636 0.001022 0.030763 0.999526
80.924653839 1.983457 0.002525 -0.033164 -0.000276 0.000583 0.030743 0.999527
81.124653839 1.984195 0.002589 -0.033095 -0.000082 0.000302 0.030758 0.999527
81.224653839 1.984064 0.002925 -0.033357 0.000042 0.000224 0.030725 0.999528
81.324653839 1.983553 0.002447 -0.033781 0.000089 0.000144 0.030738 0.999527
81.424653839 1.983222 0.002222 -0.033999 0.000161 0.000100 0.030733 0.999528
81.524653839 1.983189 0.002090 -0.033677 0.000158 0.000048 0.030747 0.999527
81.724653839 1.983041 0.001757 -0.033435 0.000216 0.000001 0.030706 0.999528
81.824653839 1.982896 0.001737 -0.033342 0.000223 0.000002 0.030720 0.999528
81.924653839 1.982734 0.001879 -0.033334 0.000251 -0.000042 0.030725 0.999528
82.124653839 1.983580 0.001543 -0.033354 0.000267 -0.000078 0.030724 0.999528
82.224653839 1.983341 0.001361 -0.033637 0.000314 -0.000099 0.030723 0.999528
82.324653839 1.983347 0.001623 -0.033750 0.000307 -0.000108 0.030732 0.999528
82.424653839 1.983285 0.001765 -0.033736 0.000299 -0.000123 0.030721 0.999528
82.624653839 1.983259 0.001681 -0.033684 0.000316 -0.000124 0.030748 0.999527
82.724653839 1.983095 0.001660 -0.033712 0.000303 -0.000122 0.030753 0.999527
82.824653839 1.983112 0.001598 -0.033880 0.000298 -0.000123 0.030739 0.999527
82.924653839 1.983198 0.001630 -0.033862 0.000311 -0.000120 0.030751 0.999527
83.024653839 1.983129 0.001588 -0.033683 0.000324 -0.000121 0.030762 0.999527
83.124653839 1.983043 0.001712 -0.033684 0.000302 -0.000123 0.030753 0.999527
83.224653839 1.983063 0.001619 -0.033721 0.000326 -0.000112 0.030756 0.999527
83.324653839 1.982977 0.001544 -0.033820 0.000335 -0.000117 0.030759 0.999527
83.424653839 1.982966 0.001426 -0.033721 0.000335 -0.000119 0.030752 0.999527
83.524653839 1.983043 0.001548 -0.033732 0.000337 -0.000114 0.030772 0.999526
83.624653839 1.982999 0.001604 -0.033789 0.000339 -0.000115 0.030754 0.999527
83.824653839 1.983156 0.001567 -0.033842 0.000339 -0.000120 0.030763 0.999527
83.924653839 1.982962 0.001618 -0.033742 0.000377 -0.000126 0.030752 0.999527
84.124653839 1.983262 0.001610 -0.033713 0.000353 -0.000141 0.030775 0.999526
84.224653839 1.983119 0.001413 -0.033858 0.000342 -0.000148 0.030741 0.999527
84.324653839 1.983081 0.001513 -0.033908 0.000325 -0.000139 0.030757 0.999527
